Run n.ยบ 1
                               Restaurant - Description of the internal state

 CH WT  C00 C01 C02 C03 C04 C05 C06 C07 C08 C09 C10 C11 C12 C13 C14 C15 C16 C17 C18 C19  ATT FIE 1st las
  0  0    1   1   1   1   1   1   1   1   1   1   1   1   1   1   1   1   1   1   1   1    0   0   0  -1
  0  0    1   1   1   1   1   1   1   1   1   1   1   1   1   1   1   1   2   1   1   1    1   0  16  -1
  0  0    1   1   1   1   1   2   1   1   1   1   1   1   1   1   1   1   2   1   1   1    2   0  16  -1
  0  0    1   1   1   1   1   2   1   1   1   1   1   1   2   1   1   1   2   1   1   1    3   0  16  -1
  0  0    1   1   1   1   1   2   1   1   1   1   1   1   2   1   1   1   2   1   1   2    4   0  16  -1
  0  0    1   2   1   1   1   2   1   1   1   1   1   1   2   1   1   1   2   1   1   2    5   0  16  -1
  0  0    1   2   1   1   1   2   1   1   2   1   1   1   2   1   1   1   2   1   1   2    6   0  16  -1
  0  0    1   2   1   1   2   2   1   1   2   1   1   1   2   1   1   1   2   1   1   2    7   0  16  -1
  0  0    1   2   1   1   2   2   1   1   2   1   1   2   2   1   1   1   2   1   1   2    8   0  16  -1
  0  0    1   2   1   1   2   2   1   2   2   1   1   2   2   1   1   1   2   1   1   2    9   0  16  -1
  0  0    1   2   1   1   2   2   1   2   2   1   1   2   2   1   2   1   2   1   1   2   10   0  16  -1
  0  0    1   2   1   1   2   2   1   2   2   1   1   2   2   2   2   1   2   1   1   2   11   0  16  -1
  0  0    1   2   2   1   2   2   1   2   2   1   1   2   2   2   2   1   2   1   1   2   12   0  16  -1
  0  0    1   2   2   1   2   2   1   2   2   2   1   2   2   2   2   1   2   1   1   2   13   0  16  -1
  0  0    1   2   2   1   2   2   1   2   2   2   1   2   2   2   2   2   2   1   1   2   14   0  16  -1
  0  0    1   2   2   1   2   2   1   2   2   2   1   2   2   2   2   2   2   1   2   2   15   0  16  -1
  0  0    2   2   2   1   2   2   1   2   2   2   1   2   2   2   2   2   2   1   2   2   16   0  16  -1
  0  0    2   2   2   2   2   2   1   2   2   2   1   2   2   2   2   2   2   1   2   2   17   0  16  -1
  0  0    2   2   2   2   2   2   1   2   2   2   2   2   2   2   2   2   2   1   2   2   18   0  16  -1
  0  0    2   2   2   2   2   2   1   2   2   2   2   2   2   2   2   2   2   2   2   2   19   0  16  -1
  0  0    2   2   2   2   2   2   2   2   2   2   2   2   2   2   2   2   2   2   2   2   20   0  16   6
  0  0    2   2   2   2   2   4   2   2   2   2   2   2   2   2   2   2   2   2   2   2   20   0  16   6
  0  0    2   2   2   2   2   4   2   2   2   2   2   2   4   2   2   2   2   2   2   2   20   0  16   6
  0  0    2   2   2   2   2   4   2   2   4   2   2   2   4   2   2   2   2   2   2   2   20   0  16   6
  0  0    2   2   2   2   2   4   2   2   4   2   2   2   4   2   2   2   2   2   2   4   20   0  16   6
  0  0    2   4   2   2   2   4   2   2   4   2   2   2   4   2   2   2   2   2   2   4   20   0  16   6
  0  0    2   4   2   2   2   4   2   4   4   2   2   2   4   2   2   2   2   2   2   4   20   0  16   6
  0  0    2   4   2   2   2   4   2   4   4   2   2   4   4   2   2   2   2   2   2   4   20   0  16   6
  0  0    2   4   2   2   4   4   2   4   4   2   2   4   4   2   2   2   2   2   2   4   20   0  16   6
  0  0    2   4   2   2   4   4   2   4   4   2   2   4   4   2   2   2   3   2   2   4   20   0  16   6
  0  0    2   4   4   2   4   4   2   4   4   2   2   4   4   2   2   2   3   2   2   4   20   0  16   6
  0  0    2   4   4   4   4   4   2   4   4   2   2   4   4   2   2   2   3   2   2   4   20   0  16   6
  0  0    2   4   4   4   4   4   2   4   4   2   2   4   4   4   2   2   3   2   2   4   20   0  16   6
  0  0    2   4   4   4   4   4   2   4   4   2   4   4   4   4   2   2   3   2   2   4   20   0  16   6
  0  0    2   4   4   4   4   4   2   4   4   2   4   4   4   4   2   4   3   2   2   4   20   0  16   6
  0  0    2   4   4   4   4   4   2   4   4   2   4   4   4   4   4   4   3   2   2   4   20   0  16   6
  0  0    2   4   4   4   4   4   2   4   4   4   4   4   4   4   4   4   3   2   2   4   20   0  16   6
  0  0    4   4   4   4   4   4   2   4   4   4   4   4   4   4   4   4   3   2   2   4   20   0  16   6
  0  0    4   4   4   4   4   4   2   4   4   4   4   4   4   4   4   4   3   4   2   4   20   0  16   6
  0  0    4   4   4   4   4   4   2   4   4   4   4   4   4   4   4   4   3   4   4   4   20   0  16   6
  0  0    4   4   4   4   4   4   4   4   4   4   4   4   4   4   4   4   3   4   4   4   20   0  16   6
  0  1    4   4   4   4   4   4   4   4   4   4   4   4   4   4   4   4   3   4   4   4   20   0  16   6
  0  0    4   4   4   4   4   4   4   4   4   4   4   4   4   4   4   4   3   4   4   4   20   0  16   6
  1  0    4   4   4   4   4   4   4   4   4   4   4   4   4   4   4   4   3   4   4   4   20   0  16   6
  1  0    4   4   4   4   4   4   4   4   4   4   4   4   4   4   4   4   4   4   4   4   20   0  16   6
  2  0    4   4   4   4   4   4   4   4   4   4   4   4   4   4   4   4   4   4   4   4   20   0  16   6
  2  2    4   4   4   4   4   4   4   4   4   4   4   4   4   4   4   4   4   4   4   4   20   0  16   6
  2  2    4   5   4   4   4   4   4   4   4   4   4   4   4   4   4   4   4   4   4   4   20   0  16   6
  2  2    4   5   4   4   4   4   4   5   4   4   4   4   4   4   4   4   4   4   4   4   20   0  16   6
  2  2    4   5   4   4   4   4   4   5   4   4   4   5   4   4   4   4   4   4   4   4   20   0  16   6
  2  2    4   5   4   4   4   5   4   5   4   4   4   5   4   4   4   4   4   4   4   4   20   0  16   6
  2  2    4   5   4   4   5   5   4   5   4   4   4   5   4   4   4   4   4   4   4   4   20   0  16   6
  2  2    4   5   5   4   5   5   4   5   4   4   4   5   4   4   4   4   4   4   4   4   20   0  16   6
  2  2    4   5   5   4   5   5   4   5   4   4   4   5   5   4   4   4   4   4   4   4   20   0  16   6
  2  2    4   5   5   4   5   5   4   5   5   4   4   5   5   4   4   4   4   4   4   4   20   0  16   6
  2  2    4   5   5   4   5   5   4   5   5   4   4   5   5   4   4   4   4   4   4   5   20   0  16   6
  2  2    4   5   5   5   5   5   4   5   5   4   4   5   5   4   4   4   4   4   4   5   20   0  16   6
  2  2    4   5   5   5   5   5   4   5   5   4   5   5   5   4   4   4   4   4   4   5   20   0  16   6
  2  2    4   5   5   5   5   5   4   5   5   4   5   5   5   5   4   4   4   4   4   5   20   0  16   6
  2  0    4   5   5   5   5   5   4   5   5   4   5   5   5   5   4   4   4   4   4   5   20   0  16   6
  2  0    4   5   5   5   5   5   4   5   5   4   5   5   5   5   5   4   4   4   4   5   20   0  16   6
  2  0    5   5   5   5   5   5   4   5   5   4   5   5   5   5   5   4   4   4   4   5   20   0  16   6
  2  0    5   5   5   5   5   5   4   5   5   4   5   5   5   5   5   5   4   4   4   5   20   0  16   6
  2  0    5   5   5   5   5   5   4   5   5   5   5   5   5   5   5   5   4   4   4   5   20   0  16   6
  2  0    5   5   5   5   5   5   4   5   5   5   5   5   5   5   5   5   4   4   5   5   20   0  16   6
  2  0    5   5   5   5   5   5   4   5   5   5   5   5   5   5   5   5   4   5   5   5   20   0  16   6
  2  0    5   5   5   5   5   5   5   5   5   5   5   5   5   5   5   5   4   5   5   5   20   0  16   6
  2  0    5   5   5   5   5   5   5   5   5   5   5   5   5   5   5   5   5   5   5   5   20   0  16   6
  2  0    5   5   5   5   5   5   5   5   5   5   5   5   5   5   5   5   5   5   5   6   20   1  16   6
  2  0    5   5   5   5   5   5   5   6   5   5   5   5   5   5   5   5   5   5   5   6   20   2  16   6
  2  0    5   6   5   5   5   5   5   6   5   5   5   5   5   5   5   5   5   5   5   6   20   3  16   6
  2  0    5   6   5   5   5   5   5   6   5   5   5   5   5   5   5   5   5   5   6   6   20   4  16   6
  2  0    5   6   5   5   5   5   6   6   5   5   5   5   5   5   5   5   5   5   6   6   20   5  16   6
  2  0    6   6   5   5   5   5   6   6   5   5   5   5   5   5   5   5   5   5   6   6   20   6  16   6
  2  0    6   6   5   5   5   5   6   6   5   5   5   5   5   5   5   5   5   6   6   6   20   7  16   6
  2  0    6   6   5   5   5   5   6   6   5   5   5   6   5   5   5   5   5   6   6   6   20   8  16   6
  2  0    6   6   5   5   5   6   6   6   5   5   5   6   5   5   5   5   5   6   6   6   20   9  16   6
  2  0    6   6   5   5   5   6   6   6   5   5   5   6   5   5   5   5   6   6   6   6   20  10  16   6
  2  0    6   6   5   6   5   6   6   6   5   5   5   6   5   5   5   5   6   6   6   6   20  11  16   6
  2  0    6   6   5   6   5   6   6   6   5   5   5   6   5   5   6   5   6   6   6   6   20  12  16   6
  2  0    6   6   5   6   5   6   6   6   6   5   5   6   5   5   6   5   6   6   6   6   20  13  16   6
  2  0    6   6   5   6   5   6   6   6   6   5   5   6   5   6   6   5   6   6   6   6   20  14  16   6
  2  0    6   6   5   6   5   6   6   6   6   5   5   6   6   6   6   5   6   6   6   6   20  15  16   6
  2  0    6   6   5   6   5   6   6   6   6   5   6   6   6   6   6   5   6   6   6   6   20  16  16   6
  2  0    6   6   5   6   6   6   6   6   6   5   6   6   6   6   6   5   6   6   6   6   20  17  16   6
  2  0    6   6   5   6   6   6   6   6   6   5   6   6   6   6   6   6   6   6   6   6   20  18  16   6
  2  0    6   6   5   6   6   6   6   6   6   6   6   6   6   6   6   6   6   6   6   6   20  19  16   6
  2  0    6   6   6   6   6   6   6   6   6   6   6   6   6   6   6   6   6   6   6   6   20  20  16   6
  2  0    6   6   6   8   6   6   6   6   6   6   6   6   6   6   6   6   6   6   6   6   20  20  16   6
  2  0    6   6   6   8   6   6   6   6   6   6   6   6   6   6   6   6   6   6   6   8   20  20  16   6
  2  0    6   6   6   8   6   6   6   6   6   6   6   6   6   6   6   6   6   8   6   8   20  20  16   6
  2  0    6   8   6   8   6   6   6   6   6   6   6   6   6   6   6   6   6   8   6   8   20  20  16   6
  2  0    8   8   6   8   6   6   6   6   6   6   6   6   6   6   6   6   6   8   6   8   20  20  16   6
  2  0    8   8   6   8   6   6   7   6   6   6   6   6   6   6   6   6   6   8   6   8   20  20  16   6
  2  0    8   8   6   8   6   6   7   8   6   6   6   6   6   6   6   6   6   8   6   8   20  20  16   6
  2  0    8   8   6   8   6   6   7   8   6   6   6   6   6   6   6   6   8   8   6   8   20  20  16   6
  2  0    8   8   6   8   6   6   7   8   6   6   6   6   6   6   6   6   8   8   8   8   20  20  16   6
  2  0    8   8   6   8   6   6   7   8   6   6   6   6   6   6   8   6   8   8   8   8   20  20  16   6
  2  0    8   8   6   8   6   6   7   8   6   6   6   6   6   8   8   6   8   8   8   8   20  20  16   6
  2  0    8   8   6   8   6   6   7   8   8   6   6   6   6   8   8   6   8   8   8   8   20  20  16   6
  2  0    8   8   6   8   6   6   7   8   8   6   6   6   8   8   8   6   8   8   8   8   20  20  16   6
  2  0    8   8   6   8   6   6   7   8   8   6   8   6   8   8   8   6   8   8   8   8   20  20  16   6
  2  0    8   8   6   8   6   6   7   8   8   8   8   6   8   8   8   6   8   8   8   8   20  20  16   6
  2  0    8   8   6   8   6   8   7   8   8   8   8   6   8   8   8   6   8   8   8   8   20  20  16   6
  2  0    8   8   6   8   6   8   7   8   8   8   8   8   8   8   8   6   8   8   8   8   20  20  16   6
  2  0    8   8   6   8   8   8   7   8   8   8   8   8   8   8   8   6   8   8   8   8   20  20  16   6
  2  0    8   8   8   8   8   8   7   8   8   8   8   8   8   8   8   6   8   8   8   8   20  20  16   6
  2  0    8   8   8   8   8   8   7   8   8   8   8   8   8   8   8   8   8   8   8   8   20  20  16   6
  2  3    8   8   8   8   8   8   7   8   8   8   8   8   8   8   8   8   8   8   8   8   20  20  16   6
  2  3    8   8   8   8   8   8   8   8   8   8   8   8   8   8   8   8   8   8   8   8   20  20  16   6

Run n.ยบ 2
                               Restaurant - Description of the internal state

 CH WT  C00 C01 C02 C03 C04 C05 C06 C07 C08 C09 C10 C11 C12 C13 C14 C15 C16 C17 C18 C19  ATT FIE 1st las
  0  0    1   1   1   1   1   1   1   1   1   1   1   1   1   1   1   1   1   1   1   1    0   0   0  -1
  0  0    1   1   1   1   2   1   1   1   1   1   1   1   1   1   1   1   1   1   1   1    1   0   4  -1
  0  0    1   1   1   1   2   1   1   1   1   1   1   2   1   1   1   1   1   1   1   1    2   0   4  -1
  0  0    1   1   1   1   2   1   1   1   1   1   1   2   1   1   1   1   1   1   2   1    3   0   4  -1
  0  0    1   1   1   1   2   1   1   2   1   1   1   2   1   1   1   1   1   1   2   1    4   0   4  -1
  0  0    1   1   1   1   2   1   1   2   1   1   1   2   1   1   2   1   1   1   2   1    5   0   4  -1
  0  0    1   1   1   1   2   1   1   2   1   1   2   2   1   1   2   1   1   1   2   1    6   0   4  -1
  0  0    1   1   1   1   2   1   1   2   1   1   2   2   1   2   2   1   1   1   2   1    7   0   4  -1
  0  0    1   1   1   1   2   2   1   2   1   1   2   2   1   2   2   1   1   1   2   1    8   0   4  -1
  0  0    1   1   1   1   2   2   1   2   1   1   2   2   2   2   2   1   1   1   2   1    9   0   4  -1
  0  0    1   1   1   1   2   2   1   2   1   1   2   2   2   2   2   1   1   1   2   2   10   0   4  -1
  0  0    1   1   1   1   2   2   1   2   2   1   2   2   2   2   2   1   1   1   2   2   11   0   4  -1
  0  0    1   1   1   1   2   2   1   2   2   1   2   2   2   2   2   2   1   1   2   2   12   0   4  -1
  0  0    2   1   1   1   2   2   1   2   2   1   2   2   2   2   2   2   1   1   2   2   13   0   4  -1
  0  0    2   1   1   2   2   2   1   2   2   1   2   2   2   2   2   2   1   1   2   2   14   0   4  -1
  0  0    2   1   1   2   2   2   1   2   2   1   2   2   2   2   2   2   1   2   2   2   15   0   4  -1
  0  0    2   1   1   2   2   2   2   2   2   1   2   2   2   2   2   2   1   2   2   2   16   0   4  -1
  0  0    2   1   2   2   2   2   2   2   2   1   2   2   2   2   2   2   1   2   2   2   17   0   4  -1
  0  0    2   1   2   2   2   2   2   2   2   2   2   2   2   2   2   2   1   2   2   2   18   0   4  -1
  0  0    2   1   2   2   2   2   2   2   2   2   2   2   2   2   2   2   2   2   2   2   19   0   4  -1
  0  0    2   2   2   2   2   2   2   2   2   2   2   2   2   2   2   2   2   2   2   2   20   0   4   1
  0  0    2   2   2   2   2   2   2   2   2   2   2   2   2   2   4   2   2   2   2   2   20   0   4   1
  0  0    2   2   2   2   2   4   2   2   2   2   2   2   2   2   4   2   2   2   2   2   20   0   4   1
  0  0    2   2   2   2   2   4   2   4   2   2   2   2   2   2   4   2   2   2   2   2   20   0   4   1
  0  0    2   2   2   2   2   4   2   4   2   2   2   4   2   2   4   2   2   2   2   2   20   0   4   1
  0  0    2   2   2   2   3   4   2   4   2   2   2   4   2   2   4   2   2   2   2   2   20   0   4   1
  0  0    2   2   2   2   3   4   2   4   2   2   2   4   2   2   4   2   2   2   4   2   20   0   4   1
  0  0    2   2   2   2   3   4   2   4   2   2   2   4   2   2   4   2   2   2   4   4   20   0   4   1
  0  0    4   2   2   2   3   4   2   4   2   2   2   4   2   2   4   2   2   2   4   4   20   0   4   1
  0  0    4   2   2   2   3   4   2   4   4   2   2   4   2   2   4   2   2   2   4   4   20   0   4   1
  0  0    4   2   2   4   3   4   2   4   4   2   2   4   2   2   4   2   2   2   4   4   20   0   4   1
  0  0    4   2   2   4   3   4   2   4   4   2   2   4   2   2   4   4   2   2   4   4   20   0   4   1
  0  0    4   2   2   4   3   4   2   4   4   2   4   4   2   2   4   4   2   2   4   4   20   0   4   1
  0  0    4   2   2   4   3   4   2   4   4   2   4   4   2   4   4   4   2   2   4   4   20   0   4   1
  0  0    4   2   2   4   3   4   2   4   4   2   4   4   2   4   4   4   2   4   4   4   20   0   4   1
  0  0    4   2   4   4   3   4   2   4   4   2   4   4   2   4   4   4   2   4   4   4   20   0   4   1
  0  0    4   2   4   4   3   4   2   4   4   2   4   4   4   4   4   4   2   4   4   4   20   0   4   1
  0  0    4   2   4   4   3   4   4   4   4   2   4   4   4   4   4   4   2   4   4   4   20   0   4   1
  0  0    4   2   4   4   3   4   4   4   4   4   4   4   4   4   4   4   2   4   4   4   20   0   4   1
  0  0    4   2   4   4   3   4   4   4   4   4   4   4   4   4   4   4   4   4   4   4   20   0   4   1
  0  0    4   4   4   4   3   4   4   4   4   4   4   4   4   4   4   4   4   4   4   4   20   0   4   1
  0  1    4   4   4   4   3   4   4   4   4   4   4   4   4   4   4   4   4   4   4   4   20   0   4   1
  0  0    4   4   4   4   3   4   4   4   4   4   4   4   4   4   4   4   4   4   4   4   20   0   4   1
  1  0    4   4   4   4   3   4   4   4   4   4   4   4   4   4   4   4   4   4   4   4   20   0   4   1
  1  0    4   4   4   4   4   4   4   4   4   4   4   4   4   4   4   4   4   4   4   4   20   0   4   1
  2  0    4   4   4   4   4   4   4   4   4   4   4   4   4   4   4   4   4   4   4   4   20   0   4   1
  2  2    4   4   4   4   4   4   4   4   4   4   4   4   4   4   4   4   4   4   4   4   20   0   4   1
  2  2    4   4   4   4   4   4   4   4   4   4   4   4   4   4   5   4   4   4   4   4   20   0   4   1
  2  2    4   4   4   4   4   4   4   5   4   4   4   4   4   4   5   4   4   4   4   4   20   0   4   1
  2  2    4   4   4   4   4   4   4   5   4   4   4   5   4   4   5   4   4   4   4   4   20   0   4   1
  2  2    4   4   4   4   4   4   4   5   4   4   4   5   4   4   5   4   4   4   5   4   20   0   4   1
  2  2    4   4   4   4   4   5   4   5   4   4   4   5   4   4   5   4   4   4   5   4   20   0   4   1
  2  2    4   4   4   5   4   5   4   5   4   4   4   5   4   4   5   4   4   4   5   4   20   0   4   1
  2  2    4   4   4   5   4   5   4   5   5   4   4   5   4   4   5   4   4   4   5   4   20   0   4   1
  2  2    4   4   4   5   4   5   4   5   5   4   4   5   4   4   5   5   4   4   5   4   20   0   4   1
  2  2    4   4   4   5   4   5   4   5   5   4   4   5   4   4   5   5   5   4   5   4   20   0   4   1
  2  2    4   4   4   5   4   5   4   5   5   5   4   5   4   4   5   5   5   4   5   4   20   0   4   1
  2  2    4   4   4   5   4   5   4   5   5   5   4   5   4   5   5   5   5   4   5   4   20   0   4   1
  2  2    4   4   4   5   4   5   4   5   5   5   5   5   4   5   5   5   5   4   5   4   20   0   4   1
  2  2    4   4   4   5   4   5   4   5   5   5   5   5   4   5   5   5   5   4   5   5   20   0   4   1
  2  2    5   4   4   5   4   5   4   5   5   5   5   5   4   5   5   5   5   4   5   5   20   0   4   1
  2  2    5   4   4   5   4   5   4   5   5   5   5   5   4   5   5   5   5   5   5   5   20   0   4   1
  2  0    5   4   4   5   4   5   4   5   5   5   5   5   4   5   5   5   5   5   5   5   20   0   4   1
  2  0    5   4   4   5   4   5   5   5   5   5   5   5   4   5   5   5   5   5   5   5   20   0   4   1
  2  0    5   4   4   5   4   5   5   5   5   5   5   5   5   5   5   5   5   5   5   5   20   0   4   1
  2  0    5   4   5   5   4   5   5   5   5   5   5   5   5   5   5   5   5   5   5   5   20   0   4   1
  2  0    5   4   5   5   5   5   5   5   5   5   5   5   5   5   5   5   5   5   5   5   20   0   4   1
  2  0    5   5   5   5   5   5   5   5   5   5   5   5   5   5   5   5   5   5   5   5   20   0   4   1
  2  0    5   5   5   5   5   5   5   5   5   5   5   6   5   5   5   5   5   5   5   5   20   1   4   1
  2  0    5   5   5   5   5   5   5   5   5   5   6   6   5   5   5   5   5   5   5   5   20   2   4   1
  2  0    5   5   5   5   6   5   5   5   5   5   6   6   5   5   5   5   5   5   5   5   20   3   4   1
  2  0    5   5   5   5   6   5   5   5   5   5   6   6   5   5   5   6   5   5   5   5   20   4   4   1
  2  0    5   5   5   5   6   5   5   5   5   6   6   6   5   5   5   6   5   5   5   5   20   5   4   1
  2  0    5   5   5   5   6   5   5   5   6   6   6   6   5   5   5   6   5   5   5   5   20   6   4   1
  2  0    5   5   6   5   6   5   5   5   6   6   6   6   5   5   5   6   5   5   5   5   20   7   4   1
  2  0    5   5   6   5   6   5   5   5   6   6   6   6   5   5   5   6   5   5   5   6   20   8   4   1
  2  0    5   5   6   5   6   5   5   5   6   6   6   6   5   6   5   6   5   5   5   6   20   9   4   1
  2  0    5   5   6   5   6   5   5   6   6   6   6   6   5   6   5   6   5   5   5   6   20  10   4   1
  2  0    5   6   6   5   6   5   5   6   6   6   6   6   5   6   5   6   5   5   5   6   20  11   4   1
  2  0    5   6   6   5   6   5   5   6   6   6   6   6   5   6   5   6   5   5   6   6   20  12   4   1
  2  0    5   6   6   5   6   5   5   6   6   6   6   6   6   6   5   6   5   5   6   6   20  13   4   1
  2  0    5   6   6   5   6   5   6   6   6   6   6   6   6   6   5   6   5   5   6   6   20  14   4   1
  2  0    6   6   6   5   6   5   6   6   6   6   6   6   6   6   5   6   5   5   6   6   20  15   4   1
  2  0    6   6   6   5   6   5   6   6   6   6   6   6   6   6   5   6   5   6   6   6   20  16   4   1
  2  0    6   6   6   5   6   6   6   6   6   6   6   6   6   6   5   6   5   6   6   6   20  17   4   1
  2  0    6   6   6   5   6   6   6   6   6   6   6   6   6   6   5   6   6   6   6   6   20  18   4   1
  2  0    6   6   6   6   6   6   6   6   6   6   6   6   6   6   5   6   6   6   6   6   20  19   4   1
  2  0    6   6   6   6   6   6   6   6   6   6   6   6   6   6   6   6   6   6   6   6   20  20   4   1
  2  0    6   6   6   6   6   6   6   6   6   6   8   6   6   6   6   6   6   6   6   6   20  20   4   1
  2  0    6   6   6   6   6   6   6   6   8   6   8   6   6   6   6   6   6   6   6   6   20  20   4   1
  2  0    6   6   6   6   6   6   6   6   8   6   8   6   6   6   6   8   6   6   6   6   20  20   4   1
  2  0    6   6   6   6   6   6   6   6   8   6   8   6   6   8   6   8   6   6   6   6   20  20   4   1
  2  0    6   6   6   6   6   6   6   6   8   8   8   6   6   8   6   8   6   6   6   6   20  20   4   1
  2  0    6   6   6   6   6   6   6   6   8   8   8   6   6   8   6   8   6   6   6   8   20  20   4   1
  2  0    6   7   6   6   6   6   6   6   8   8   8   6   6   8   6   8   6   6   6   8   20  20   4   1
  2  0    6   7   8   6   6   6   6   6   8   8   8   6   6   8   6   8   6   6   6   8   20  20   4   1
  2  0    6   7   8   6   6   6   6   8   8   8   8   6   6   8   6   8   6   6   6   8   20  20   4   1
  2  0    6   7   8   6   8   6   6   8   8   8   8   6   6   8   6   8   6   6   6   8   20  20   4   1
  2  0    6   7   8   6   8   6   6   8   8   8   8   8   6   8   6   8   6   6   6   8   20  20   4   1
  2  0    6   7   8   6   8   6   6   8   8   8   8   8   8   8   6   8   6   6   6   8   20  20   4   1
  2  0    6   7   8   6   8   6   8   8   8   8   8   8   8   8   6   8   6   6   6   8   20  20   4   1
  2  0    6   7   8   6   8   6   8   8   8   8   8   8   8   8   6   8   6   6   8   8   20  20   4   1
  2  0    8   7   8   6   8   6   8   8   8   8   8   8   8   8   6   8   6   6   8   8   20  20   4   1
  2  0    8   7   8   6   8   6   8   8   8   8   8   8   8   8   6   8   6   8   8   8   20  20   4   1
  2  0    8   7   8   6   8   6   8   8   8   8   8   8   8   8   6   8   8   8   8   8   20  20   4   1
  2  0    8   7   8   6   8   8   8   8   8   8   8   8   8   8   6   8   8   8   8   8   20  20   4   1
  2  0    8   7   8   6   8   8   8   8   8   8   8   8   8   8   8   8   8   8   8   8   20  20   4   1
  2  0    8   7   8   8   8   8   8   8   8   8   8   8   8   8   8   8   8   8   8   8   20  20   4   1
  2  3    8   7   8   8   8   8   8   8   8   8   8   8   8   8   8   8   8   8   8   8   20  20   4   1
  2  3    8   8   8   8   8   8   8   8   8   8   8   8   8   8   8   8   8   8   8   8   20  20   4   1