Run n.ยบ 1
                               Restaurant - Description of the internal state

 CH WT  C00 C01 C02 C03 C04 C05 C06 C07 C08 C09 C10 C11 C12 C13 C14 C15 C16 C17 C18 C19  ATT FIE 1st las
  0  0    1   1   1   1   1   1   1   1   1   1   1   1   1   1   1   1   1   1   1   1    0   0   0  -1
  0  0    1   1   1   1   1   1   1   2   1   1   1   1   1   1   1   1   1   1   1   1    1   0   7  -1
  0  0    2   1   1   1   1   1   1   2   1   1   1   1   1   1   1   1   1   1   1   1    2   0   7  -1
  0  0    2   1   1   1   1   1   1   2   1   1   1   1   1   1   2   1   1   1   1   1    3   0   7  -1
  0  0    2   1   1   1   1   1   1   2   1   1   2   1   1   1   2   1   1   1   1   1    4   0   7  -1
  0  0    2   1   2   1   1   1   1   2   1   1   2   1   1   1   2   1   1   1   1   1    5   0   7  -1
  0  0    2   1   2   1   1   1   1   2   1   2   2   1   1   1   2   1   1   1   1   1    6   0   7  -1
  0  0    2   1   2   1   1   1   1   2   1   2   2   1   1   1   2   1   2   1   1   1    7   0   7  -1
  0  0    2   1   2   1   1   2   1   2   1   2   2   1   1   1   2   1   2   1   1   1    8   0   7  -1
  0  0    2   1   2   1   1   2   1   2   1   2   2   1   1   1   2   1   2   1   1   2    9   0   7  -1
  0  0    2   1   2   1   1   2   1   2   2   2   2   1   1   1   2   1   2   1   1   2   10   0   7  -1
  0  0    2   1   2   1   1   2   1   2   2   2   2   1   1   1   2   2   2   1   1   2   11   0   7  -1
  0  0    2   1   2   1   2   2   1   2   2   2   2   1   1   1   2   2   2   1   1   2   12   0   7  -1
  0  0    2   1   2   1   2   2   1   2   2   2   2   2   1   1   2   2   2   1   1   2   13   0   7  -1
  0  0    2   1   2   1   2   2   1   2   2   2   2   2   1   1   2   2   2   1   2   2   14   0   7  -1
  0  0    2   1   2   2   2   2   1   2   2   2   2   2   1   1   2   2   2   1   2   2   15   0   7  -1
  0  0    2   1   2   2   2   2   1   2   2   2   2   2   1   1   2   2   2   2   2   2   16   0   7  -1
  0  0    2   1   2   2   2   2   2   2   2   2   2   2   1   1   2   2   2   2   2   2   17   0   7  -1
  0  0    2   1   2   2   2   2   2   2   2   2   2   2   1   2   2   2   2   2   2   2   18   0   7  -1
  0  0    2   1   2   2   2   2   2   2   2   2   2   2   2   2   2   2   2   2   2   2   19   0   7  -1
  0  0    2   2   2   2   2   2   2   2   2   2   2   2   2   2   2   2   2   2   2   2   20   0   7   1
  0  0    2   2   2   2   4   2   2   2   2   2   2   2   2   2   2   2   2   2   2   2   20   0   7   1
  0  0    2   2   2   2   4   2   2   3   2   2   2   2   2   2   2   2   2   2   2   2   20   0   7   1
  0  0    2   2   2   2   4   2   2   3   2   2   2   2   2   2   2   4   2   2   2   2   20   0   7   1
  0  0    2   2   2   2   4   2   2   3   2   2   2   2   2   2   2   4   2   4   2   2   20   0   7   1
  0  0    2   2   2   2   4   2   2   3   2   2   2   2   2   2   2   4   2   4   4   2   20   0   7   1
  0  0    2   2   2   2   4   2   2   3   2   2   2   2   2   2   2   4   4   4   4   2   20   0   7   1
  0  0    2   2   2   2   4   4   2   3   2   2   2   2   2   2   2   4   4   4   4   2   20   0   7   1
  0  0    2   2   2   2   4   4   4   3   2   2   2   2   2   2   2   4   4   4   4   2   20   0   7   1
  0  0    2   2   2   2   4   4   4   3   2   2   2   4   2   2   2   4   4   4   4   2   20   0   7   1
  0  0    2   2   4   2   4   4   4   3   2   2   2   4   2   2   2   4   4   4   4   2   20   0   7   1
  0  0    2   2   4   2   4   4   4   3   2   2   2   4   2   4   2   4   4   4   4   2   20   0   7   1
  0  0    2   2   4   2   4   4   4   3   2   2   2   4   2   4   2   4   4   4   4   4   20   0   7   1
  0  0    2   2   4   2   4   4   4   3   4   2   2   4   2   4   2   4   4   4   4   4   20   0   7   1
  0  0    2   2   4   2   4   4   4   3   4   2   2   4   2   4   4   4   4   4   4   4   20   0   7   1
  0  0    4   2   4   2   4   4   4   3   4   2   2   4   2   4   4   4   4   4   4   4   20   0   7   1
  0  0    4   2   4   2   4   4   4   3   4   2   4   4   2   4   4   4   4   4   4   4   20   0   7   1
  0  0    4   2   4   2   4   4   4   3   4   4   4   4   2   4   4   4   4   4   4   4   20   0   7   1
  0  0    4   2   4   2   4   4   4   3   4   4   4   4   4   4   4   4   4   4   4   4   20   0   7   1
  0  0    4   2   4   4   4   4   4   3   4   4   4   4   4   4   4   4   4   4   4   4   20   0   7   1
  0  0    4   4   4   4   4   4   4   3   4   4   4   4   4   4   4   4   4   4   4   4   20   0   7   1
  0  1    4   4   4   4   4   4   4   3   4   4   4   4   4   4   4   4   4   4   4   4   20   0   7   1
  0  0    4   4   4   4   4   4   4   3   4   4   4   4   4   4   4   4   4   4   4   4   20   0   7   1
  0  0    4   4   4   4   4   4   4   4   4   4   4   4   4   4   4   4   4   4   4   4   20   0   7   1
  1  0    4   4   4   4   4   4   4   4   4   4   4   4   4   4   4   4   4   4   4   4   20   0   7   1
  2  0    4   4   4   4   4   4   4   4   4   4   4   4   4   4   4   4   4   4   4   4   20   0   7   1
  2  2    4   4   4   4   4   4   4   4   4   4   4   4   4   4   4   4   4   4   4   4   20   0   7   1
  2  2    4   4   4   4   4   4   4   4   4   4   4   4   4   4   4   4   4   5   4   4   20   0   7   1
  2  2    4   4   4   4   4   4   4   4   4   4   4   4   4   4   4   4   5   5   4   4   20   0   7   1
  2  2    4   4   4   4   4   4   4   4   4   4   4   4   4   4   4   5   5   5   4   4   20   0   7   1
  2  2    4   4   4   4   4   4   4   4   4   4   4   4   4   4   4   5   5   5   5   4   20   0   7   1
  2  2    4   4   5   4   4   4   4   4   4   4   4   4   4   4   4   5   5   5   5   4   20   0   7   1
  2  2    4   4   5   4   4   4   5   4   4   4   4   4   4   4   4   5   5   5   5   4   20   0   7   1
  2  2    4   4   5   4   5   4   5   4   4   4   4   4   4   4   4   5   5   5   5   4   20   0   7   1
  2  2    4   4   5   4   5   5   5   4   4   4   4   4   4   4   4   5   5   5   5   4   20   0   7   1
  2  2    4   4   5   4   5   5   5   4   4   4   4   5   4   4   4   5   5   5   5   4   20   0   7   1
  2  2    4   4   5   4   5   5   5   4   4   4   4   5   4   4   4   5   5   5   5   5   20   0   7   1
  2  2    4   4   5   4   5   5   5   4   4   4   4   5   4   5   4   5   5   5   5   5   20   0   7   1
  2  2    4   4   5   4   5   5   5   4   5   4   4   5   4   5   4   5   5   5   5   5   20   0   7   1
  2  2    4   4   5   4   5   5   5   4   5   4   4   5   4   5   5   5   5   5   5   5   20   0   7   1
  2  2    5   4   5   4   5   5   5   4   5   4   4   5   4   5   5   5   5   5   5   5   20   0   7   1
  2  2    5   4   5   4   5   5   5   4   5   4   5   5   4   5   5   5   5   5   5   5   20   0   7   1
  2  0    5   4   5   4   5   5   5   4   5   4   5   5   4   5   5   5   5   5   5   5   20   0   7   1
  2  0    5   4   5   4   5   5   5   4   5   4   5   5   5   5   5   5   5   5   5   5   20   0   7   1
  2  0    5   4   5   4   5   5   5   4   5   5   5   5   5   5   5   5   5   5   5   5   20   0   7   1
  2  0    5   4   5   5   5   5   5   4   5   5   5   5   5   5   5   5   5   5   5   5   20   0   7   1
  2  0    5   5   5   5   5   5   5   4   5   5   5   5   5   5   5   5   5   5   5   5   20   0   7   1
  2  0    5   5   5   5   5   5   5   5   5   5   5   5   5   5   5   5   5   5   5   5   20   0   7   1
  2  0    5   5   5   5   5   5   5   5   5   5   5   5   5   5   5   5   5   6   5   5   20   1   7   1
  2  0    5   5   5   5   5   6   5   5   5   5   5   5   5   5   5   5   5   6   5   5   20   2   7   1
  2  0    5   5   5   5   6   6   5   5   5   5   5   5   5   5   5   5   5   6   5   5   20   3   7   1
  2  0    5   5   5   5   6   6   5   5   5   5   5   5   5   5   5   6   5   6   5   5   20   4   7   1
  2  0    5   5   5   5   6   6   5   5   5   6   5   5   5   5   5   6   5   6   5   5   20   5   7   1
  2  0    5   5   5   5   6   6   5   5   6   6   5   5   5   5   5   6   5   6   5   5   20   6   7   1
  2  0    5   5   6   5   6   6   5   5   6   6   5   5   5   5   5   6   5   6   5   5   20   7   7   1
  2  0    5   5   6   5   6   6   5   5   6   6   5   5   5   5   5   6   5   6   5   6   20   8   7   1
  2  0    5   5   6   5   6   6   5   6   6   6   5   5   5   5   5   6   5   6   5   6   20   9   7   1
  2  0    5   6   6   5   6   6   5   6   6   6   5   5   5   5   5   6   5   6   5   6   20  10   7   1
  2  0    5   6   6   5   6   6   5   6   6   6   5   5   5   5   5   6   5   6   6   6   20  11   7   1
  2  0    5   6   6   5   6   6   5   6   6   6   5   5   6   5   5   6   5   6   6   6   20  12   7   1
  2  0    5   6   6   5   6   6   6   6   6   6   5   5   6   5   5   6   5   6   6   6   20  13   7   1
  2  0    6   6   6   5   6   6   6   6   6   6   5   5   6   5   5   6   5   6   6   6   20  14   7   1
  2  0    6   6   6   5   6   6   6   6   6   6   5   6   6   5   5   6   5   6   6   6   20  15   7   1
  2  0    6   6   6   5   6   6   6   6   6   6   5   6   6   5   5   6   6   6   6   6   20  16   7   1
  2  0    6   6   6   5   6   6   6   6   6   6   6   6   6   5   5   6   6   6   6   6   20  17   7   1
  2  0    6   6   6   6   6   6   6   6   6   6   6   6   6   5   5   6   6   6   6   6   20  18   7   1
  2  0    6   6   6   6   6   6   6   6   6   6   6   6   6   5   6   6   6   6   6   6   20  19   7   1
  2  0    6   6   6   6   6   6   6   6   6   6   6   6   6   6   6   6   6   6   6   6   20  20   7   1
  2  0    6   6   6   6   6   8   6   6   6   6   6   6   6   6   6   6   6   6   6   6   20  20   7   1
  2  0    6   6   6   6   6   8   6   6   6   6   6   6   6   6   6   6   6   8   6   6   20  20   7   1
  2  0    6   6   6   6   8   8   6   6   6   6   6   6   6   6   6   6   6   8   6   6   20  20   7   1
  2  0    6   6   6   6   8   8   6   6   6   6   6   6   6   6   6   6   6   8   6   8   20  20   7   1
  2  0    6   7   6   6   8   8   6   6   6   6   6   6   6   6   6   6   6   8   6   8   20  20   7   1
  2  0    6   7   6   6   8   8   6   6   6   6   6   6   6   6   6   6   6   8   8   8   20  20   7   1
  2  0    6   7   6   6   8   8   6   6   6   6   6   6   6   6   6   8   6   8   8   8   20  20   7   1
  2  0    6   7   6   6   8   8   6   6   6   8   6   6   6   6   6   8   6   8   8   8   20  20   7   1
  2  0    6   7   6   6   8   8   6   6   6   8   6   6   8   6   6   8   6   8   8   8   20  20   7   1
  2  0    6   7   8   6   8   8   6   6   6   8   6   6   8   6   6   8   6   8   8   8   20  20   7   1
  2  0    6   7   8   6   8   8   6   6   8   8   6   6   8   6   6   8   6   8   8   8   20  20   7   1
  2  0    6   7   8   6   8   8   6   8   8   8   6   6   8   6   6   8   6   8   8   8   20  20   7   1
  2  0    6   7   8   8   8   8   6   8   8   8   6   6   8   6   6   8   6   8   8   8   20  20   7   1
  2  0    8   7   8   8   8   8   6   8   8   8   6   6   8   6   6   8   6   8   8   8   20  20   7   1
  2  0    8   7   8   8   8   8   6   8   8   8   6   8   8   6   6   8   6   8   8   8   20  20   7   1
  2  0    8   7   8   8   8   8   8   8   8   8   6   8   8   6   6   8   6   8   8   8   20  20   7   1
  2  0    8   7   8   8   8   8   8   8   8   8   8   8   8   6   6   8   6   8   8   8   20  20   7   1
  2  0    8   7   8   8   8   8   8   8   8   8   8   8   8   6   6   8   8   8   8   8   20  20   7   1
  2  0    8   7   8   8   8   8   8   8   8   8   8   8   8   6   8   8   8   8   8   8   20  20   7   1
  2  0    8   7   8   8   8   8   8   8   8   8   8   8   8   8   8   8   8   8   8   8   20  20   7   1
  2  3    8   7   8   8   8   8   8   8   8   8   8   8   8   8   8   8   8   8   8   8   20  20   7   1
  2  3    8   8   8   8   8   8   8   8   8   8   8   8   8   8   8   8   8   8   8   8   20  20   7   1

Run n.ยบ 2
                               Restaurant - Description of the internal state

 CH WT  C00 C01 C02 C03 C04 C05 C06 C07 C08 C09 C10 C11 C12 C13 C14 C15 C16 C17 C18 C19  ATT FIE 1st las
  0  0    1   1   1   1   1   1   1   1   1   1   1   1   1   1   1   1   1   1   1   1    0   0   0  -1
  0  0    1   1   1   2   1   1   1   1   1   1   1   1   1   1   1   1   1   1   1   1    1   0   3  -1
  0  0    1   1   1   2   1   1   1   1   1   1   1   1   1   1   1   1   1   2   1   1    2   0   3  -1
  0  0    1   1   1   2   1   1   2   1   1   1   1   1   1   1   1   1   1   2   1   1    3   0   3  -1
  0  0    1   1   2   2   1   1   2   1   1   1   1   1   1   1   1   1   1   2   1   1    4   0   3  -1
  0  0    1   1   2   2   1   1   2   1   1   1   1   1   2   1   1   1   1   2   1   1    5   0   3  -1
  0  0    1   1   2   2   2   1   2   1   1   1   1   1   2   1   1   1   1   2   1   1    6   0   3  -1
  0  0    2   1   2   2   2   1   2   1   1   1   1   1   2   1   1   1   1   2   1   1    7   0   3  -1
  0  0    2   1   2   2   2   1   2   2   1   1   1   1   2   1   1   1   1   2   1   1    8   0   3  -1
  0  0    2   1   2   2   2   1   2   2   1   1   1   1   2   1   2   1   1   2   1   1    9   0   3  -1
  0  0    2   1   2   2   2   1   2   2   1   1   2   1   2   1   2   1   1   2   1   1   10   0   3  -1
  0  0    2   1   2   2   2   1   2   2   1   1   2   1   2   2   2   1   1   2   1   1   11   0   3  -1
  0  0    2   1   2   2   2   1   2   2   1   2   2   1   2   2   2   1   1   2   1   1   12   0   3  -1
  0  0    2   1   2   2   2   1   2   2   1   2   2   1   2   2   2   1   2   2   1   1   13   0   3  -1
  0  0    2   1   2   2   2   2   2   2   1   2   2   1   2   2   2   1   2   2   1   1   14   0   3  -1
  0  0    2   1   2   2   2   2   2   2   1   2   2   1   2   2   2   1   2   2   1   2   15   0   3  -1
  0  0    2   2   2   2   2   2   2   2   1   2   2   1   2   2   2   1   2   2   1   2   16   0   3  -1
  0  0    2   2   2   2   2   2   2   2   2   2   2   1   2   2   2   1   2   2   1   2   17   0   3  -1
  0  0    2   2   2   2   2   2   2   2   2   2   2   1   2   2   2   2   2   2   1   2   18   0   3  -1
  0  0    2   2   2   2   2   2   2   2   2   2   2   2   2   2   2   2   2   2   1   2   19   0   3  -1
  0  0    2   2   2   2   2   2   2   2   2   2   2   2   2   2   2   2   2   2   2   2   20   0   3  18
  0  0    2   2   2   2   2   2   2   2   2   2   2   2   2   2   2   2   2   4   2   2   20   0   3  18
  0  0    2   2   2   3   2   2   2   2   2   2   2   2   2   2   2   2   2   4   2   2   20   0   3  18
  0  0    2   2   2   3   2   2   2   2   2   2   2   2   2   4   2   2   2   4   2   2   20   0   3  18
  0  0    2   2   2   3   4   2   2   2   2   2   2   2   2   4   2   2   2   4   2   2   20   0   3  18
  0  0    4   2   2   3   4   2   2   2   2   2   2   2   2   4   2   2   2   4   2   2   20   0   3  18
  0  0    4   2   2   3   4   2   2   2   2   2   2   2   2   4   4   2   2   4   2   2   20   0   3  18
  0  0    4   2   2   3   4   2   2   4   2   2   2   2   2   4   4   2   2   4   2   2   20   0   3  18
  0  0    4   2   2   3   4   2   4   4   2   2   2   2   2   4   4   2   2   4   2   2   20   0   3  18
  0  0    4   2   4   3   4   2   4   4   2   2   2   2   2   4   4   2   2   4   2   2   20   0   3  18
  0  0    4   2   4   3   4   2   4   4   2   2   2   2   4   4   4   2   2   4   2   2   20   0   3  18
  0  0    4   2   4   3   4   2   4   4   2   2   2   2   4   4   4   2   4   4   2   2   20   0   3  18
  0  0    4   2   4   3   4   2   4   4   2   2   4   2   4   4   4   2   4   4   2   2   20   0   3  18
  0  0    4   2   4   3   4   2   4   4   2   2   4   2   4   4   4   2   4   4   2   4   20   0   3  18
  0  0    4   4   4   3   4   2   4   4   2   2   4   2   4   4   4   2   4   4   2   4   20   0   3  18
  0  0    4   4   4   3   4   2   4   4   4   2   4   2   4   4   4   2   4   4   2   4   20   0   3  18
  0  0    4   4   4   3   4   2   4   4   4   4   4   2   4   4   4   2   4   4   2   4   20   0   3  18
  0  0    4   4   4   3   4   4   4   4   4   4   4   2   4   4   4   2   4   4   2   4   20   0   3  18
  0  0    4   4   4   3   4   4   4   4   4   4   4   2   4   4   4   4   4   4   2   4   20   0   3  18
  0  0    4   4   4   3   4   4   4   4   4   4   4   4   4   4   4   4   4   4   2   4   20   0   3  18
  0  0    4   4   4   3   4   4   4   4   4   4   4   4   4   4   4   4   4   4   4   4   20   0   3  18
  0  1    4   4   4   3   4   4   4   4   4   4   4   4   4   4   4   4   4   4   4   4   20   0   3  18
  0  0    4   4   4   3   4   4   4   4   4   4   4   4   4   4   4   4   4   4   4   4   20   0   3  18
  0  0    4   4   4   4   4   4   4   4   4   4   4   4   4   4   4   4   4   4   4   4   20   0   3  18
  1  0    4   4   4   4   4   4   4   4   4   4   4   4   4   4   4   4   4   4   4   4   20   0   3  18
  2  0    4   4   4   4   4   4   4   4   4   4   4   4   4   4   4   4   4   4   4   4   20   0   3  18
  2  2    4   4   4   4   4   4   4   4   4   4   4   4   4   4   4   4   4   4   4   4   20   0   3  18
  2  2    4   4   4   4   4   4   4   4   4   4   4   4   4   4   4   4   4   5   4   4   20   0   3  18
  2  2    4   4   4   4   4   4   4   4   4   4   5   4   4   4   4   4   4   5   4   4   20   0   3  18
  2  2    4   4   4   4   4   4   4   4   4   4   5   4   4   4   5   4   4   5   4   4   20   0   3  18
  2  2    4   4   4   4   4   4   4   4   4   4   5   4   4   5   5   4   4   5   4   4   20   0   3  18
  2  2    4   4   4   4   5   4   4   4   4   4   5   4   4   5   5   4   4   5   4   4   20   0   3  18
  2  2    4   4   4   4   5   4   4   5   4   4   5   4   4   5   5   4   4   5   4   4   20   0   3  18
  2  2    5   4   4   4   5   4   4   5   4   4   5   4   4   5   5   4   4   5   4   4   20   0   3  18
  2  2    5   4   4   4   5   4   4   5   4   4   5   4   5   5   5   4   4   5   4   4   20   0   3  18
  2  2    5   4   5   4   5   4   4   5   4   4   5   4   5   5   5   4   4   5   4   4   20   0   3  18
  2  2    5   4   5   4   5   4   4   5   5   4   5   4   5   5   5   4   4   5   4   4   20   0   3  18
  2  2    5   5   5   4   5   4   4   5   5   4   5   4   5   5   5   4   4   5   4   4   20   0   3  18
  2  2    5   5   5   4   5   4   5   5   5   4   5   4   5   5   5   4   4   5   4   4   20   0   3  18
  2  2    5   5   5   4   5   4   5   5   5   4   5   4   5   5   5   4   4   5   4   5   20   0   3  18
  2  2    5   5   5   4   5   4   5   5   5   4   5   5   5   5   5   4   4   5   4   5   20   0   3  18
  2  0    5   5   5   4   5   4   5   5   5   4   5   5   5   5   5   4   4   5   4   5   20   0   3  18
  2  0    5   5   5   4   5   5   5   5   5   4   5   5   5   5   5   4   4   5   4   5   20   0   3  18
  2  0    5   5   5   4   5   5   5   5   5   4   5   5   5   5   5   4   4   5   5   5   20   0   3  18
  2  0    5   5   5   4   5   5   5   5   5   4   5   5   5   5   5   4   5   5   5   5   20   0   3  18
  2  0    5   5   5   4   5   5   5   5   5   5   5   5   5   5   5   4   5   5   5   5   20   0   3  18
  2  0    5   5   5   5   5   5   5   5   5   5   5   5   5   5   5   4   5   5   5   5   20   0   3  18
  2  0    5   5   5   5   5   5   5   5   5   5   5   5   5   5   5   5   5   5   5   5   20   0   3  18
  2  0    5   5   5   5   5   5   5   5   5   6   5   5   5   5   5   5   5   5   5   5   20   1   3  18
  2  0    5   5   5   5   5   5   5   5   6   6   5   5   5   5   5   5   5   5   5   5   20   2   3  18
  2  0    5   5   6   5   5   5   5   5   6   6   5   5   5   5   5   5   5   5   5   5   20   3   3  18
  2  0    5   5   6   5   5   5   5   6   6   6   5   5   5   5   5   5   5   5   5   5   20   4   3  18
  2  0    5   6   6   5   5   5   5   6   6   6   5   5   5   5   5   5   5   5   5   5   20   5   3  18
  2  0    5   6   6   5   5   5   5   6   6   6   5   5   5   5   5   5   5   5   6   5   20   6   3  18
  2  0    6   6   6   5   5   5   5   6   6   6   5   5   5   5   5   5   5   5   6   5   20   7   3  18
  2  0    6   6   6   5   5   5   5   6   6   6   5   6   5   5   5   5   5   5   6   5   20   8   3  18
  2  0    6   6   6   5   5   6   5   6   6   6   5   6   5   5   5   5   5   5   6   5   20   9   3  18
  2  0    6   6   6   5   5   6   5   6   6   6   5   6   5   5   5   5   6   5   6   5   20  10   3  18
  2  0    6   6   6   5   6   6   5   6   6   6   5   6   5   5   5   5   6   5   6   5   20  11   3  18
  2  0    6   6   6   5   6   6   5   6   6   6   5   6   5   5   5   6   6   5   6   5   20  12   3  18
  2  0    6   6   6   6   6   6   5   6   6   6   5   6   5   5   5   6   6   5   6   5   20  13   3  18
  2  0    6   6   6   6   6   6   5   6   6   6   5   6   5   5   6   6   6   5   6   5   20  14   3  18
  2  0    6   6   6   6   6   6   5   6   6   6   5   6   5   5   6   6   6   5   6   6   20  15   3  18
  2  0    6   6   6   6   6   6   5   6   6   6   5   6   5   6   6   6   6   5   6   6   20  16   3  18
  2  0    6   6   6   6   6   6   5   6   6   6   5   6   6   6   6   6   6   5   6   6   20  17   3  18
  2  0    6   6   6   6   6   6   6   6   6   6   5   6   6   6   6   6   6   5   6   6   20  18   3  18
  2  0    6   6   6   6   6   6   6   6   6   6   5   6   6   6   6   6   6   6   6   6   20  19   3  18
  2  0    6   6   6   6   6   6   6   6   6   6   6   6   6   6   6   6   6   6   6   6   20  20   3  18
  2  0    6   6   8   6   6   6   6   6   6   6   6   6   6   6   6   6   6   6   6   6   20  20   3  18
  2  0    6   6   8   6   6   6   6   6   8   6   6   6   6   6   6   6   6   6   6   6   20  20   3  18
  2  0    6   6   8   6   6   6   6   6   8   6   6   6   6   6   6   8   6   6   6   6   20  20   3  18
  2  0    6   6   8   6   6   6   6   6   8   8   6   6   6   6   6   8   6   6   6   6   20  20   3  18
  2  0    6   6   8   6   6   6   6   6   8   8   6   6   6   6   6   8   6   6   7   6   20  20   3  18
  2  0    6   6   8   6   6   8   6   6   8   8   6   6   6   6   6   8   6   6   7   6   20  20   3  18
  2  0    6   6   8   6   6   8   6   6   8   8   6   6   6   6   6   8   8   6   7   6   20  20   3  18
  2  0    6   6   8   6   6   8   6   6   8   8   6   8   6   6   6   8   8   6   7   6   20  20   3  18
  2  0    6   6   8   6   8   8   6   6   8   8   6   8   6   6   6   8   8   6   7   6   20  20   3  18
  2  0    6   6   8   6   8   8   6   8   8   8   6   8   6   6   6   8   8   6   7   6   20  20   3  18
  2  0    6   8   8   6   8   8   6   8   8   8   6   8   6   6   6   8   8   6   7   6   20  20   3  18
  2  0    8   8   8   6   8   8   6   8   8   8   6   8   6   6   6   8   8   6   7   6   20  20   3  18
  2  0    8   8   8   6   8   8   6   8   8   8   6   8   6   8   6   8   8   6   7   6   20  20   3  18
  2  0    8   8   8   6   8   8   6   8   8   8   6   8   6   8   8   8   8   6   7   6   20  20   3  18
  2  0    8   8   8   6   8   8   6   8   8   8   6   8   8   8   8   8   8   6   7   6   20  20   3  18
  2  0    8   8   8   8   8   8   6   8   8   8   6   8   8   8   8   8   8   6   7   6   20  20   3  18
  2  0    8   8   8   8   8   8   8   8   8   8   6   8   8   8   8   8   8   6   7   6   20  20   3  18
  2  0    8   8   8   8   8   8   8   8   8   8   6   8   8   8   8   8   8   6   7   8   20  20   3  18
  2  0    8   8   8   8   8   8   8   8   8   8   6   8   8   8   8   8   8   8   7   8   20  20   3  18
  2  0    8   8   8   8   8   8   8   8   8   8   8   8   8   8   8   8   8   8   7   8   20  20   3  18
  2  3    8   8   8   8   8   8   8   8   8   8   8   8   8   8   8   8   8   8   7   8   20  20   3  18
  2  3    8   8   8   8   8   8   8   8   8   8   8   8   8   8   8   8   8   8   8   8   20  20   3  18